2 0.49107142857142855 0.8638392857142857 0.8526785714285714 0.10714285714285714
2 0.48214285714285715 0.7455357142857143 0.6272321428571429 0.08705357142857142
2 0.49776785714285715 0.640625 0.5803571428571429 0.07366071428571429
2 0.515625 0.5580357142857143 0.43080357142857145 0.05580357142857143
2 0.5133928571428571 0.4888392857142857 0.42410714285714285 0.060267857142857144
2 0.5133928571428571 0.42410714285714285 0.3794642857142857 0.05357142857142857
2 0.5133928571428571 0.3705357142857143 0.3482142857142857 0.03125
2 0.5245535714285714 0.3236607142857143 0.35044642857142855 0.04017857142857143
2 0.5178571428571429 0.2767857142857143 0.328125 0.03571428571428571
2 0.484375 0.23214285714285715 0.25223214285714285 0.03794642857142857
2 0.4107142857142857 0.18080357142857142 0.12053571428571429 0.05133928571428571