2 0.3125 0.8638392857142857 0.359375 0.04017857142857143
2 0.29910714285714285 0.7946428571428571 0.31026785714285715 0.03125
2 0.31919642857142855 0.7566964285714286 0.31026785714285715 0.022321428571428572
2 0.31026785714285715 0.7053571428571429 0.26785714285714285 0.017857142857142856
2 0.34151785714285715 0.6674107142857143 0.27232142857142855 0.029017857142857144
2 0.3482142857142857 0.6227678571428571 0.27901785714285715 0.020089285714285716
2 0.34598214285714285 0.5803571428571429 0.20535714285714285 0.013392857142857142
2 0.38169642857142855 0.546875 0.265625 0.017857142857142856
2 0.3861607142857143 0.5200892857142857 0.18973214285714285 0.013392857142857142
2 0.38392857142857145 0.5 0.15401785714285715 0.022321428571428572
2 0.38839285714285715 0.46875 0.17857142857142858 0.017857142857142856