0 0.68984375 0.33984375 0.1078125 0.24375
0 0.79375 0.365625 0.12734375 0.25234375
0 0.90546875 0.36796875 0.13046875 0.31484375
0 0.98359375 0.36796875 0.03203125 0.2203125
0 0.38984375 0.38515625 0.07890625 0.2890625
0 0.13203125 0.38671875 0.13203125 0.3296875
0 0.27265625 0.39140625 0.11953125 0.24375
0 0.56015625 0.40859375 0.1109375 0.30078125
0 0.02734375 0.42265625 0.0546875 0.2375
0 0.16875 0.4328125 0.053125 0.1375
0 0.446875 0.4796875 0.15 0.33203125
0 0.9796875 0.5046875 0.040625 0.2265625
0 0.91875 0.50859375 0.11796875 0.21484375
0 0.3390625 0.5328125 0.0984375 0.28046875
0 0.62890625 0.58203125 0.11640625 0.32109375
0 0.5734375 0.63046875 0.08359375 0.14609375
0 0.61796875 0.71953125 0.13046875 0.55
0 0.82578125 0.72734375 0.1421875 0.5453125
0 0.8953125 0.7359375 0.171875 0.528125
0 0.7734375 0.7390625 0.109375 0.51328125
0 0.3953125 0.7421875 0.12421875 0.4328125
0 0.26953125 0.75078125 0.13203125 0.4984375
0 0.71953125 0.76484375 0.140625 0.46953125
0 0.5765625 0.76640625 0.11328125 0.4609375
0 0.5078125 0.76796875 0.196875 0.45859375
0 0.140625 0.76796875 0.1515625 0.4640625
0 0.03671875 0.78515625 0.0734375 0.3984375