0 0.48125 0.13671875 0.2515625 0.27109375
0 0.70859375 0.1890625 0.1125 0.18671875
0 0.29765625 0.1984375 0.090625 0.26328125
0 0.8921875 0.21484375 0.215625 0.4046875
0 0.53984375 0.28515625 0.14765625 0.3296875
0 0.96796875 0.309375 0.0609375 0.28984375
0 0.7515625 0.34609375 0.0984375 0.2296875
0 0.1921875 0.3515625 0.10078125 0.24453125
0 0.09296875 0.459375 0.08046875 0.35
0 0.29140625 0.46953125 0.11484375 0.27109375
0 0.46875 0.4796875 0.22265625 0.45234375
0 0.665625 0.5046875 0.19453125 0.3921875
0 0.86875 0.5140625 0.23359375 0.33671875
0 0.5078125 0.53203125 0.07109375 0.1640625
0 0.03046875 0.55625 0.0609375 0.2671875
0 0.17890625 0.6390625 0.1015625 0.2765625
0 0.47265625 0.65078125 0.07890625 0.1578125
0 0.69609375 0.68203125 0.0796875 0.23359375
0 0.965625 0.73984375 0.06875 0.13984375
0 0.76796875 0.7625 0.090625 0.20703125
0 0.8625 0.78125 0.146875 0.40078125
0 0.265625 0.7890625 0.19921875 0.3859375
0 0.08515625 0.8078125 0.16640625 0.328125
0 0.94765625 0.8328125 0.10390625 0.29609375
0 0.97109375 0.853125 0.0578125 0.14453125
0 0.60859375 0.8578125 0.2328125 0.2484375
0 0.40859375 0.86484375 0.1265625 0.23203125
0 0.78046875 0.8921875 0.178125 0.17890625
0 0.12734375 0.93046875 0.1125 0.103125
0 0.65625 0.096875 0.084375 0.19375
0 0.8 0.1265625 0.09375 0.246875