0 0.0609375 0.278125 0.06640625 0.1546875
0 0.63359375 0.284375 0.075 0.16015625
0 0.446875 0.2890625 0.053125 0.15
0 0.534375 0.290625 0.075 0.10859375
0 0.3515625 0.29296875 0.06015625 0.1734375
0 0.1234375 0.30078125 0.06640625 0.11640625
0 0.8671875 0.31171875 0.06484375 0.1625
0 0.80234375 0.31875 0.06171875 0.18828125
0 0.95703125 0.31796875 0.0859375 0.2078125
0 0.20234375 0.33359375 0.06171875 0.15
0 0.29140625 0.40859375 0.1296875 0.27109375
0 0.4046875 0.44296875 0.13984375 0.27421875
0 0.534375 0.44453125 0.11328125 0.26328125
0 0.93125 0.49296875 0.1375 0.3484375
0 0.71640625 0.51171875 0.121875 0.3796875
0 0.03203125 0.5375 0.06328125 0.4234375
0 0.81640625 0.0578125 0.01640625 0.075
0 0.1015625 0.57109375 0.1203125 0.446875
0 0.2421875 0.6109375 0.13203125 0.4234375
0 0.7703125 0.06171875 0.0265625 0.0953125
0 0.79609375 0.065625 0.028125 0.090625
0 0.88203125 0.065625 0.046875 0.0984375
0 0.7 0.07109375 0.021875 0.08515625
0 0.92109375 0.07109375 0.0203125 0.103125
0 0.72109375 0.07109375 0.0234375 0.090625
0 0.80703125 0.7046875 0.3859375 0.5875
0 0.946875 0.0734375 0.03515625 0.05390625
0 0.50546875 0.76328125 0.18359375 0.47265625
0 0.9671875 0.15859375 0.028125 0.0671875
0 0.115625 0.16015625 0.03359375 0.075
0 0.4421875 0.16796875 0.03828125 0.090625
0 0.7015625 0.1875 0.0453125 0.0875
0 0.82421875 0.1875 0.0796875 0.10625
0 0.1921875 0.18984375 0.04140625 0.075
0 0.92265625 0.1953125 0.0546875 0.08515625
0 0.134375 0.1953125 0.04140625 0.05703125
0 0.75859375 0.215625 0.05703125 0.13671875
0 0.53984375 0.21953125 0.075 0.12890625
0 0.39921875 0.22734375 0.04140625 0.1140625
0 0.16640625 0.22890625 0.053125 0.0953125
0 0.4671875 0.2328125 0.0546875 0.103125
0 0.72421875 0.2546875 0.06484375 0.12421875