0 0.40078125 0.79453125 0.02578125 0.19296875
0 0.47265625 0.803125 0.02734375 0.1984375
0 0.50703125 0.80703125 0.03515625 0.18203125
0 0.2671875 0.815625 0.0890625 0.35703125
0 0.64296875 0.8171875 0.03671875 0.1984375
0 0.86484375 0.8375 0.06171875 0.28203125
0 0.43203125 0.83828125 0.03359375 0.28515625
0 0.70703125 0.840625 0.0546875 0.271875
0 0.884375 0.840625 0.053125 0.2765625
0 0.9109375 0.84296875 0.05078125 0.2796875
0 0.95703125 0.84609375 0.0546875 0.271875
0 0.7796875 0.846875 0.04921875 0.21015625
0 0.59921875 0.8484375 0.0765625 0.2734375