0 0.9203125 0.6765625 0.1578125 0.44453125
0 0.78046875 0.6484375 0.16796875 0.4078125
0 0.10078125 0.65703125 0.1265625 0.3859375
0 0.12421875 0.3703125 0.10546875 0.20234375
0 0.2140625 0.36171875 0.08984375 0.1609375
0 0.2984375 0.3453125 0.09296875 0.14375
0 0.37265625 0.353125 0.09453125 0.11484375
0 0.46328125 0.3953125 0.08984375 0.1859375
0 0.4046875 0.459375 0.06640625 0.09765625
0 0.91640625 0.37109375 0.1078125 0.14140625
0 0.83203125 0.40078125 0.1140625 0.146875
0 0.771875 0.35859375 0.06171875 0.121875
0 0.71171875 0.403125 0.0796875 0.1953125
0 0.62421875 0.37265625 0.0859375 0.16328125
0 0.5859375 0.2953125 0.05859375 0.10234375
0 0.54140625 0.38203125 0.0828125 0.178125