0 0.4375 0.24375 0.0421875 0.11640625
0 0.31171875 0.26796875 0.05 0.18515625
0 0.23671875 0.27265625 0.053125 0.07890625
0 0.36015625 0.27734375 0.04375 0.12890625
0 0.2453125 0.334375 0.0609375 0.16015625
0 0.203125 0.33515625 0.0453125 0.16640625
0 0.45625 0.35390625 0.0359375 0.1125
0 0.4 0.396875 0.0453125 0.19375
0 0.67421875 0.409375 0.028125 0.09375
0 0.64375 0.52421875 0.0453125 0.22265625
0 0.6953125 0.53046875 0.0484375 0.24375
0 0.8859375 0.54921875 0.075 0.25234375
0 0.82109375 0.58046875 0.0546875 0.26015625
0 0.5 0.596875 0.0421875 0.18125
0 0.5609375 0.6375 0.0859375 0.2375
0 0.2078125 0.82109375 0.0578125 0.24609375
0 0.16953125 0.85390625 0.065625 0.27890625
0 0.89609375 0.9171875 0.0890625 0.165625
0 0.9828125 0.93515625 0.034375 0.12890625
0 0.2390625 0.10859375 0.0328125 0.05390625
0 0.265625 0.11875 0.0296875 0.09609375
0 0.3046875 0.11875 0.0421875 0.075
0 0.346875 0.11953125 0.0328125 0.06484375
0 0.66875 0.153125 0.0234375 0.12265625
0 0.2421875 0.15390625 0.0546875 0.075
0 0.215625 0.16640625 0.0296875 0.1
0 0.71484375 0.16875 0.071875 0.1
0 0.225 0.18515625 0.0203125 0.03359375