0 0.96953125 0.3640625 0.0609375 0.2578125
0 0.9328125 0.44765625 0.07578125 0.32421875
0 0.065625 0.58671875 0.11875 0.71796875
0 0.69140625 0.59609375 0.13984375 0.79765625
0 0.57265625 0.609375 0.16015625 0.78046875
0 0.42890625 0.61328125 0.11640625 0.7734375
0 0.87109375 0.61484375 0.2546875 0.7421875
0 0.2625 0.6234375 0.18515625 0.75234375
0 0.58515625 0.11875 0.0734375 0.22265625
0 0.10703125 0.13046875 0.04296875 0.2125
0 0.33046875 0.1359375 0.03046875 0.1078125
0 0.18671875 0.1375 0.03046875 0.12890625
0 0.29375 0.15703125 0.04140625 0.0765625
0 0.21875 0.16875 0.0375 0.12890625
0 0.3734375 0.16875 0.0375 0.1078125
0 0.02890625 0.17109375 0.0578125 0.16015625
0 0.396875 0.17265625 0.01953125 0.1078125
0 0.253125 0.20546875 0.04453125 0.09375
0 0.42578125 0.225 0.0484375 0.1078125
0 0.56875 0.25078125 0.04140625 0.12578125
0 0.13828125 0.25234375 0.06484375 0.275
0 0.890625 0.26640625 0.0359375 0.1078125
0 0.49375 0.28046875 0.0625 0.2296875
0 0.8421875 0.28046875 0.0375 0.10078125
0 0.634375 0.2859375 0.04296875 0.23671875
0 0.309375 0.315625 0.06640625 0.25078125