0 0.7359375 0.31015625 0.0375 0.09375
0 0.65390625 0.31484375 0.02890625 0.06171875
0 0.5796875 0.315625 0.034375 0.05
0 0.61875 0.31796875 0.0328125 0.05
0 0.6921875 0.32109375 0.0375 0.05625
0 0.97890625 0.32265625 0.0234375 0.07734375
0 0.8171875 0.3234375 0.03125 0.075
0 0.95703125 0.3234375 0.04140625 0.125
0 0.46640625 0.325 0.03125 0.0546875
0 0.9171875 0.325 0.0359375 0.12265625
0 0.49453125 0.328125 0.02421875 0.04765625
0 0.77421875 0.3296875 0.04296875 0.08203125
0 0.546875 0.334375 0.02578125 0.0546875
0 0.5203125 0.3375 0.03046875 0.0796875
0 0.44140625 0.340625 0.0296875 0.05
0 0.85078125 0.3453125 0.03984375 0.17265625
0 0.5890625 0.3546875 0.03515625 0.059375
0 0.6203125 0.3546875 0.0265625 0.05
0 0.5515625 0.3671875 0.0296875 0.04296875
0 0.4578125 0.371875 0.0265625 0.04765625
0 0.49296875 0.37265625 0.0296875 0.040625
0 0.42578125 0.38515625 0.034375 0.06640625
0 0.96796875 0.4046875 0.034375 0.05
0 0.671875 0.409375 0.03671875 0.1546875
0 0.56953125 0.4203125 0.04375 0.059375
0 0.44140625 0.43515625 0.03671875 0.0796875
0 0.49375 0.496875 0.03125 0.075
0 0.3453125 0.50859375 0.05234375 0.18203125
0 0.21171875 0.5359375 0.0578125 0.290625
0 0.74375 0.5421875 0.07109375 0.315625
0 0.40546875 0.54296875 0.08984375 0.43046875
0 0.80859375 0.5515625 0.06484375 0.31015625
0 0.0765625 0.55859375 0.059375 0.25234375
0 0.25234375 0.5625 0.153125 0.43359375
0 0.9640625 0.56484375 0.06796875 0.29765625
0 0.12734375 0.56796875 0.065625 0.228125
0 0.96640625 0.5734375 0.06171875 0.34296875
0 0.46796875 0.5859375 0.04921875 0.2
0 0.5609375 0.58984375 0.06953125 0.21640625
0 0.50625 0.5953125 0.0515625 0.18984375
0 0.91484375 0.59765625 0.0703125 0.20625
0 0.859375 0.59921875 0.065625 0.21328125
0 0.64453125 0.609375 0.10625 0.29765625