0 0.790625 0.6578125 0.01328125 0.04609375
0 0.80703125 0.66015625 0.0171875 0.0515625
0 0.934375 0.7234375 0.06015625 0.121875
0 0.6703125 0.7265625 0.03359375 0.09609375
0 0.51875 0.75703125 0.01640625 0.078125
0 0.546875 0.76328125 0.0125 0.0890625
0 0.5359375 0.76640625 0.01171875 0.084375
0 0.1859375 0.79453125 0.0109375 0.021875
0 0.17890625 0.8 0.028125 0.071875
0 0.14609375 0.803125 0.01015625 0.0234375
0 0.221875 0.80625 0.0234375 0.0875
0 0.18046875 0.82578125 0.0078125 0.028125
0 0.7796875 0.834375 0.015625 0.11640625
0 0.79375 0.8453125 0.0203125 0.0984375
0 0.3125 0.8609375 0.02890625 0.1015625