0 0.58125 0.3234375 0.0609375 0.2625
0 0.1546875 0.34765625 0.03984375 0.07421875
0 0.709375 0.3578125 0.07578125 0.12109375
0 0.796875 0.3578125 0.1078125 0.18125
0 0.2234375 0.3671875 0.0453125 0.071875
0 0.2859375 0.3734375 0.08203125 0.1421875
0 0.503125 0.3828125 0.0625 0.19765625
0 0.571875 0.38515625 0.07421875 0.1421875
0 0.4203125 0.3859375 0.0625 0.12578125
0 0.35703125 0.38984375 0.0625 0.1046875
0 0.6625 0.3953125 0.0703125 0.1375
0 0.784375 0.43125 0.09765625 0.13046875
0 0.30625 0.43125 0.09296875 0.1046875
0 0.87109375 0.43125 0.08984375 0.1046875
0 0.62265625 0.4359375 0.09765625 0.1046875
0 0.39921875 0.44296875 0.08046875 0.10234375
0 0.546875 0.44765625 0.08828125 0.090625
0 0.20234375 0.44765625 0.04296875 0.109375
0 0.71328125 0.44921875 0.10234375 0.11875
0 0.46328125 0.45078125 0.08203125 0.0953125
0 0.07578125 0.51875 0.09921875 0.3765625
0 0.946875 0.53046875 0.1046875 0.35078125
0 0.1484375 0.5453125 0.09140625 0.33046875