0 0.24609375 0.5875 0.0796875 0.296875
0 0.5796875 0.6078125 0.10390625 0.2515625
0 0.51640625 0.615625 0.1 0.24375
0 0.0390625 0.61796875 0.07734375 0.209375
0 0.840625 0.6296875 0.01640625 0.07421875
0 0.725 0.63203125 0.05859375 0.20546875
0 0.63359375 0.634375 0.06640625 0.19609375
0 0.87890625 0.63671875 0.021875 0.18984375
0 0.49296875 0.63671875 0.02421875 0.20859375
0 0.68515625 0.6390625 0.0671875 0.1984375
0 0.121875 0.65390625 0.034375 0.13359375
0 0.0984375 0.65546875 0.021875 0.14375
0 0.92265625 0.65703125 0.05234375 0.16640625
0 0.16015625 0.6578125 0.03203125 0.13125
0 0.05859375 0.659375 0.021875 0.1484375
0 0.859375 0.665625 0.03203125 0.16484375
0 0.27890625 0.675 0.03359375 0.17421875
0 0.815625 0.69453125 0.02578125 0.08828125