2 0.5424107142857143 0.9196428571428571 0.7633928571428571 0.13839285714285715
2 0.5758928571428571 0.7455357142857143 0.6361607142857143 0.15178571428571427
2 0.578125 0.6116071428571429 0.5803571428571429 0.08482142857142858
2 0.5848214285714286 0.5111607142857143 0.5379464285714286 0.09375
2 0.5915178571428571 0.421875 0.47544642857142855 0.049107142857142856
2 0.5959821428571429 0.3482142857142857 0.4263392857142857 0.049107142857142856
2 0.59375 0.29017857142857145 0.39732142857142855 0.05357142857142857
2 0.5959821428571429 0.23883928571428573 0.34598214285714285 0.03571428571428571
2 0.5959821428571429 0.19642857142857142 0.31473214285714285 0.026785714285714284
2 0.6004464285714286 0.15848214285714285 0.296875 0.03125
2 0.59375 0.125 0.29017857142857145 0.022321428571428572
2 0.6004464285714286 0.08928571428571429 0.27232142857142855 0.024553571428571428
2 0.6049107142857143 0.0625 0.265625 0.017857142857142856
2 0.6004464285714286 0.04017857142857143 0.22544642857142858 0.017857142857142856