0 0.95 0.53828125 0.1 0.4453125
0 0.86328125 0.546875 0.09453125 0.4453125
0 0.80078125 0.546875 0.0734375 0.42265625
0 0.7390625 0.509375 0.06953125 0.4921875
0 0.671875 0.5453125 0.075 0.4484375
0 0.60390625 0.528125 0.09296875 0.46015625
0 0.52578125 0.53203125 0.07890625 0.4453125
0 0.45078125 0.5296875 0.0828125 0.45703125
0 0.38359375 0.51953125 0.08125 0.43125
0 0.3078125 0.52265625 0.10625 0.43671875
0 0.23828125 0.51484375 0.11015625 0.49765625
0 0.1390625 0.51953125 0.115625 0.4890625
0 0.04921875 0.51484375 0.0984375 0.45703125