0 0.703125 0.24765625 0.040625 0.14609375
0 0.665625 0.25078125 0.040625 0.15390625
0 0.6375 0.25859375 0.040625 0.14609375
0 0.74296875 0.26171875 0.040625 0.14765625
0 0.26015625 0.296875 0.046875 0.14375
0 0.87578125 0.440625 0.0421875 0.10234375
0 0.5421875 0.471875 0.0328125 0.06015625
0 0.578125 0.51796875 0.0578125 0.09375
0 0.39296875 0.52109375 0.05625 0.0625
0 0.8890625 0.5375 0.065625 0.21875
0 0.778125 0.553125 0.0671875 0.23125
0 0.7109375 0.55625 0.0640625 0.21875
0 0.58203125 0.58828125 0.103125 0.17265625
0 0.503125 0.60078125 0.0609375 0.16640625
0 0.46796875 0.74375 0.0640625 0.22890625
0 0.18984375 0.896875 0.0796875 0.20234375
0 0.20625 0.10546875 0.0203125 0.07734375
0 0.27890625 0.11484375 0.0234375 0.05625
0 0.2640625 0.11640625 0.0171875 0.05859375
0 0.3203125 0.12109375 0.028125 0.06640625
0 0.72734375 0.16484375 0.03125 0.075
0 0.75703125 0.17421875 0.03125 0.09765625