0 0.228125 0.228125 0.03125 0.11484375
0 0.6453125 0.23671875 0.0484375 0.12890625
0 0.34296875 0.24453125 0.040625 0.11875
0 0.39140625 0.26796875 0.053125 0.15
0 0.4375 0.26875 0.0484375 0.14140625
0 0.30234375 0.28515625 0.046875 0.14609375
0 0.72265625 0.29140625 0.05625 0.14140625
0 0.2625 0.29375 0.040625 0.13984375
0 0.7484375 0.34375 0.046875 0.17109375
0 0.81484375 0.35390625 0.0453125 0.16640625
0 0.209375 0.378125 0.0390625 0.15234375
0 0.0453125 0.521875 0.053125 0.14140625
0 0.3890625 0.52265625 0.0578125 0.06015625
0 0.21796875 0.55703125 0.0625 0.22734375
0 0.5046875 0.60625 0.065625 0.18359375
0 0.0703125 0.70625 0.059375 0.23984375
0 0.02421875 0.70703125 0.0484375 0.23515625
0 0.20390625 0.73671875 0.0375 0.11484375
0 0.18984375 0.85625 0.090625 0.2875
0 0.30078125 0.09765625 0.025 0.0625
0 0.20078125 0.10390625 0.021875 0.08359375
0 0.34453125 0.11171875 0.025 0.04765625
0 0.6734375 0.153125 0.0328125 0.09609375
0 0.346875 0.159375 0.0390625 0.06484375
0 0.715625 0.16640625 0.0578125 0.09609375
0 0.3 0.16875 0.0328125 0.0875
0 0.25625 0.196875 0.0203125 0.08125