0 0.33671875 0.21015625 0.046875 0.11640625
0 0.2890625 0.22265625 0.0328125 0.075
0 0.1625 0.23515625 0.0328125 0.13359375
0 0.6828125 0.23515625 0.0546875 0.15
0 0.21953125 0.23671875 0.03125 0.11875
0 0.19296875 0.24140625 0.03125 0.13359375
0 0.4390625 0.24375 0.0484375 0.11640625
0 0.63515625 0.25078125 0.034375 0.14765625
0 0.40390625 0.25390625 0.05625 0.1375
0 0.30390625 0.38125 0.04375 0.19140625
0 0.25625 0.39296875 0.0421875 0.21015625
0 0.1765625 0.42578125 0.0703125 0.21875
0 0.3921875 0.51328125 0.0234375 0.06015625
0 0.4109375 0.53515625 0.0296875 0.05
0 0.71171875 0.54453125 0.059375 0.23515625
0 0.76875 0.54453125 0.0671875 0.24375
0 0.51015625 0.61640625 0.059375 0.20859375
0 0.209375 0.821875 0.0515625 0.24765625
0 0.61015625 0.84921875 0.090625 0.29765625
0 0.18671875 0.85078125 0.04375 0.27265625
0 0.79765625 0.87265625 0.0921875 0.25390625
0 0.728125 0.89140625 0.0859375 0.21640625
0 0.915625 0.91875 0.075 0.1625
0 0.97734375 0.9390625 0.0453125 0.121875
0 0.19609375 0.125 0.040625 0.09140625
0 0.6328125 0.13671875 0.0390625 0.08125
0 0.2296875 0.15546875 0.0296875 0.08125
0 0.67890625 0.15546875 0.0375 0.07734375