0 0.21796875 0.1890625 0.1953125 0.378125
0 0.53359375 0.20703125 0.15546875 0.4
0 0.72734375 0.2578125 0.14609375 0.4375
0 0.91953125 0.334375 0.1609375 0.65625
0 0.19921875 0.3359375 0.0765625 0.11171875
0 0.39296875 0.33984375 0.12578125 0.18828125
0 0.30390625 0.346875 0.07109375 0.1203125
0 0.10703125 0.3796875 0.1984375 0.359375
0 0.4734375 0.5796875 0.16953125 0.4921875
0 0.86328125 0.70234375 0.18125 0.5890625
0 0.2625 0.7046875 0.1734375 0.58984375
0 0.10625 0.7125 0.203125 0.575
0 0.65703125 0.075 0.11875 0.15
0 0.67109375 0.79609375 0.17265625 0.33203125
0 0.6015625 0.9046875 0.21015625 0.18984375
0 0.78984375 0.91953125 0.2171875 0.1609375
0 0.94375 0.93046875 0.1125 0.1390625