0 0.50859375 0.31171875 0.10546875 0.2203125
0 0.30078125 0.32421875 0.10859375 0.26640625
0 0.140625 0.33828125 0.15625 0.25703125
0 0.68203125 0.34140625 0.08125 0.24375
0 0.6015625 0.34375 0.08984375 0.23984375
0 0.24140625 0.36875 0.13125 0.28984375
0 0.73515625 0.375 0.09765625 0.2015625
0 0.378125 0.3875 0.096875 0.328125
0 0.69453125 0.490625 0.04609375 0.13671875
0 0.88515625 0.60546875 0.2296875 0.54296875
0 0.5453125 0.6328125 0.1359375 0.64375
0 0.43828125 0.6421875 0.134375 0.66015625
0 0.78359375 0.68046875 0.165625 0.46796875
0 0.64140625 0.68125 0.11328125 0.51484375
0 0.30703125 0.69296875 0.15546875 0.51328125
0 0.0953125 0.696875 0.1328125 0.53125
0 0.21015625 0.70859375 0.1484375 0.51640625
0 0.909375 0.72890625 0.15703125 0.31171875