0 0.2953125 0.425 0.0890625 0.20625
0 0.65703125 0.4359375 0.10234375 0.23984375
0 0.88828125 0.43984375 0.1328125 0.296875
0 0.76796875 0.44921875 0.12109375 0.2484375
0 0.06796875 0.53671875 0.1359375 0.55625
0 0.1875 0.5421875 0.10234375 0.51875
0 0.2984375 0.56953125 0.10546875 0.5375
0 0.43359375 0.57734375 0.10390625 0.55859375
0 0.55703125 0.58828125 0.09375 0.525
0 0.11484375 0.63984375 0.13359375 0.47265625
0 0.38984375 0.66015625 0.125 0.48046875
0 0.2484375 0.6625 0.1265625 0.421875
0 0.65234375 0.67421875 0.12109375 0.4296875
0 0.77578125 0.68203125 0.12890625 0.453125
0 0.51953125 0.68671875 0.1375 0.4390625
0 0.884375 0.7 0.134375 0.3875