0 0.8171875 0.50625 0.01484375 0.06953125
0 0.48046875 0.50625 0.021875 0.05234375
0 0.8484375 0.51015625 0.02421875 0.09453125
0 0.82421875 0.51171875 0.025 0.06484375
0 0.2 0.5125 0.0125 0.07734375
0 0.78125 0.515625 0.03125 0.0796875
0 0.0640625 0.515625 0.0203125 0.0671875
0 0.0546875 0.51640625 0.02734375 0.06640625
0 0.31796875 0.53125 0.08046875 0.23984375
0 0.9625 0.5484375 0.071875 0.2453125
0 0.734375 0.55078125 0.078125 0.290625
0 0.45625 0.553125 0.075 0.209375
0 0.02109375 0.57109375 0.0390625 0.35
0 0.603125 0.57109375 0.08046875 0.32734375
0 0.39765625 0.571875 0.09375 0.30390625
0 0.3140625 0.57578125 0.11875 0.33828125
0 0.51953125 0.58203125 0.0921875 0.3625
0 0.13828125 0.59375 0.10390625 0.43515625