0 0.11015625 0.6203125 0.04453125 0.0453125
0 0.653125 0.621875 0.0421875 0.05078125
0 0.23359375 0.70625 0.05390625 0.13828125
0 0.909375 0.7296875 0.05546875 0.23046875
0 0.27109375 0.7609375 0.0546875 0.284375
0 0.68203125 0.76875 0.1 0.3390625
0 0.640625 0.7703125 0.1125 0.3515625
0 0.36328125 0.77109375 0.06171875 0.30390625
0 0.4671875 0.7765625 0.07109375 0.36171875
0 0.29609375 0.77734375 0.0953125 0.3375
0 0.42421875 0.78046875 0.1046875 0.3421875
0 0.75546875 0.784375 0.07265625 0.3546875
0 0.859375 0.7875 0.084375 0.375
0 0.528125 0.78828125 0.1484375 0.38515625
0 0.9203125 0.790625 0.09765625 0.3640625
0 0.80625 0.79765625 0.1078125 0.36796875
0 0.95625 0.803125 0.0875 0.3546875