0 0.79453125 0.38203125 0.04765625 0.12109375
0 0.709375 0.4265625 0.03515625 0.2265625
0 0.1171875 0.4359375 0.115625 0.23359375
0 0.271875 0.4421875 0.08984375 0.19609375
0 0.746875 0.4453125 0.059375 0.16328125
0 0.20703125 0.44609375 0.084375 0.23828125
0 0.565625 0.45703125 0.0859375 0.225
0 0.4796875 0.4640625 0.08203125 0.30546875
0 0.409375 0.4671875 0.053125 0.3
0 0.3765625 0.4828125 0.12578125 0.33125
0 0.8375 0.48359375 0.090625 0.27109375
0 0.25390625 0.49921875 0.046875 0.12890625
0 0.6453125 0.50234375 0.0796875 0.34921875
0 0.92265625 0.5828125 0.10625 0.42109375
0 0.1078125 0.63984375 0.14765625 0.3359375
0 0.3203125 0.646875 0.1078125 0.3
0 0.19765625 0.665625 0.1203125 0.2921875
0 0.7515625 0.68203125 0.109375 0.3390625
0 0.8421875 0.69140625 0.13203125 0.328125