0 0.2734375 0.46484375 0.01484375 0.0703125
0 0.25 0.4765625 0.01640625 0.0578125
0 0.79765625 0.4765625 0.01484375 0.11015625
0 0.78828125 0.47734375 0.0203125 0.0578125
0 0.0453125 0.47734375 0.021875 0.075
0 0.60859375 0.4875 0.01328125 0.08515625
0 0.5984375 0.4890625 0.01328125 0.08984375
0 0.328125 0.4890625 0.01171875 0.08515625
0 0.6765625 0.49140625 0.025 0.0921875
0 0.1421875 0.5 0.0234375 0.1046875
0 0.40859375 0.5 0.03203125 0.1125
0 0.52890625 0.5015625 0.021875 0.11484375
0 0.50234375 0.50234375 0.03515625 0.1078125
0 0.15703125 0.50234375 0.0234375 0.11015625
0 0.0640625 0.50390625 0.021875 0.0875
0 0.33046875 0.5046875 0.0296875 0.11015625
0 0.62578125 0.50859375 0.0234375 0.16484375
0 0.87890625 0.50859375 0.03984375 0.16015625
0 0.29296875 0.50859375 0.0296875 0.1296875
0 0.73515625 0.5125 0.028125 0.1375
0 0.42265625 0.51640625 0.06015625 0.10234375
0 0.70078125 0.5203125 0.021875 0.14765625
0 0.82578125 0.53125 0.05 0.2
0 0.12890625 0.53515625 0.03984375 0.1921875
0 0.03671875 0.5390625 0.046875 0.18984375
0 0.6515625 0.5421875 0.046875 0.22265625
0 0.1 0.54765625 0.06484375 0.2125
0 0.25078125 0.56015625 0.06484375 0.1625
0 0.1921875 0.5609375 0.0734375 0.2203125
0 0.96015625 0.5859375 0.071875 0.3421875
0 0.771875 0.5890625 0.09140625 0.31484375