0 0.76171875 0.32734375 0.0765625 0.153125
0 0.8203125 0.33125 0.0640625 0.0625
0 0.42734375 0.37578125 0.075 0.15546875
0 0.54453125 0.38203125 0.0625 0.07421875
0 0.69921875 0.38359375 0.1015625 0.11953125
0 0.3015625 0.42890625 0.06875 0.11015625
0 0.7171875 0.47890625 0.0828125 0.08671875
0 0.58828125 0.4921875 0.07890625 0.20703125
0 0.4921875 0.50390625 0.1234375 0.43671875
0 0.11171875 0.54375 0.1125 0.1875
0 0.19296875 0.54921875 0.0671875 0.13046875
0 0.8890625 0.5625 0.1546875 0.47421875
0 0.28515625 0.57734375 0.125 0.3421875
0 0.41171875 0.6109375 0.14609375 0.4328125
0 0.79921875 0.65859375 0.1328125 0.33828125
0 0.18671875 0.66015625 0.13125 0.2203125
0 0.70625 0.6984375 0.1203125 0.32109375
0 0.5265625 0.71796875 0.12734375 0.278125
0 0.09375 0.72734375 0.10625 0.259375
0 0.1828125 0.7890625 0.14375 0.221875
0 0.42734375 0.84765625 0.3359375 0.3046875
0 0.39140625 0.8609375 0.2078125 0.278125
0 0.23203125 0.89453125 0.1234375 0.2109375
0 0.153125 0.90625 0.15 0.1875