0 0.26875 0.325 0.05 0.15625
0 0.21796875 0.33671875 0.046875 0.13125
0 0.325 0.3375 0.053125 0.14765625
0 0.38828125 0.521875 0.028125 0.07265625
0 0.41171875 0.525 0.040625 0.06640625
0 0.17109375 0.56875 0.075 0.22890625
0 0.10625 0.57109375 0.0609375 0.22890625
0 0.5046875 0.60625 0.065625 0.18359375
0 0.75703125 0.62109375 0.0796875 0.23125
0 0.2140625 0.80546875 0.0546875 0.24375
0 0.18984375 0.85 0.0953125 0.29375
0 0.190625 0.09140625 0.0390625 0.0875
0 0.30390625 0.11953125 0.03125 0.08125
0 0.3515625 0.125 0.0296875 0.07109375
0 0.6671875 0.15078125 0.0265625 0.09609375
0 0.18828125 0.18359375 0.034375 0.1375
0 0.64296875 0.19296875 0.0328125 0.12265625
0 0.71875 0.196875 0.0390625 0.11015625