0 0.284375 0.23359375 0.0421875 0.11640625
0 0.69375 0.23671875 0.0359375 0.13515625
0 0.746875 0.24296875 0.0390625 0.125
0 0.31640625 0.26640625 0.0375 0.075
0 0.42265625 0.36953125 0.053125 0.18125
0 0.39765625 0.384375 0.0484375 0.17734375
0 0.35390625 0.38828125 0.05 0.17734375
0 0.1453125 0.38984375 0.0515625 0.1
0 0.2578125 0.39140625 0.0484375 0.16640625
0 0.73671875 0.4 0.0671875 0.17265625
0 0.09453125 0.46640625 0.053125 0.17109375
0 0.15 0.49921875 0.0453125 0.18984375
0 0.2203125 0.50390625 0.065625 0.19140625
0 0.38671875 0.51640625 0.0375 0.06640625
0 0.4046875 0.53046875 0.0234375 0.04375
0 0.3625 0.05703125 0.0234375 0.06015625
0 0.503125 0.609375 0.06875 0.18359375
0 0.04921875 0.70625 0.0640625 0.2125
0 0.2203125 0.81328125 0.0671875 0.24765625
0 0.190625 0.8484375 0.09375 0.303125
0 0.1875 0.09921875 0.0296875 0.06484375
0 0.671875 0.14765625 0.0328125 0.09140625
0 0.74296875 0.15546875 0.0328125 0.0875
0 0.290625 0.15625 0.0328125 0.10859375
0 0.2078125 0.16015625 0.0359375 0.10625
0 0.334375 0.16484375 0.0390625 0.1125