0 0.62578125 0.21015625 0.034375 0.11875
0 0.2671875 0.21328125 0.0546875 0.08515625
0 0.2328125 0.24609375 0.0359375 0.1375
0 0.3375 0.25 0.040625 0.13515625
0 0.203125 0.25703125 0.0453125 0.13984375
0 0.71796875 0.25859375 0.0484375 0.12734375
0 0.2671875 0.30390625 0.0421875 0.13125
0 0.31015625 0.309375 0.04375 0.14765625
0 0.7359375 0.31796875 0.0421875 0.14375
0 0.8078125 0.32890625 0.0484375 0.15625
0 0.21484375 0.425 0.04375 0.16484375
0 0.2703125 0.47734375 0.0609375 0.21875
0 0.1328125 0.49453125 0.0671875 0.19140625
0 0.38984375 0.52734375 0.028125 0.07890625
0 0.41015625 0.53515625 0.040625 0.05
0 0.01015625 0.584375 0.0203125 0.22265625
0 0.1 0.58671875 0.084375 0.20390625
0 0.5046875 0.60859375 0.065625 0.17734375
0 0.05703125 0.61328125 0.06875 0.24609375
0 0.21796875 0.81640625 0.071875 0.27109375
0 0.18828125 0.8515625 0.0921875 0.296875
0 0.196875 0.10625 0.0328125 0.09140625
0 0.671875 0.15078125 0.0296875 0.09765625
0 0.7203125 0.1625 0.0609375 0.07890625
0 0.2875 0.178125 0.0359375 0.13515625