0 0.74140625 0.23046875 0.0328125 0.09375
0 0.75703125 0.33203125 0.0453125 0.16015625
0 0.8578125 0.33359375 0.0546875 0.15390625
0 0.81640625 0.34140625 0.05 0.15390625
0 0.709375 0.38515625 0.0546875 0.2
0 0.73515625 0.38828125 0.0546875 0.20859375
0 0.6640625 0.39140625 0.0515625 0.18984375
0 0.6171875 0.40234375 0.0546875 0.18515625
0 0.59921875 0.56640625 0.109375 0.16640625
0 0.50390625 0.60625 0.0625 0.18125
0 0.45 0.684375 0.0421875 0.06484375
0 0.4609375 0.83671875 0.0640625 0.28515625
0 0.284375 0.09921875 0.0296875 0.03984375
0 0.31953125 0.11953125 0.028125 0.06640625
0 0.16015625 0.16328125 0.025 0.1125
0 0.2765625 0.165625 0.03125 0.10625
0 0.246875 0.17109375 0.0328125 0.10390625