0 0.271875 0.26875 0.0390625 0.14140625
0 0.715625 0.27109375 0.0421875 0.15859375
0 0.66796875 0.278125 0.0421875 0.15390625
0 0.63046875 0.28125 0.05 0.14765625
0 0.88203125 0.48359375 0.0390625 0.18359375
0 0.8609375 0.48828125 0.0671875 0.18984375
0 0.72421875 0.48984375 0.0609375 0.19609375
0 0.77109375 0.49296875 0.0640625 0.20625
0 0.58828125 0.575 0.103125 0.15859375
0 0.6140625 0.58359375 0.08125 0.12109375
0 0.50234375 0.6 0.0625 0.16484375
0 0.4734375 0.75078125 0.06875 0.23125
0 0.2734375 0.89453125 0.059375 0.21015625
0 0.1953125 0.115625 0.0265625 0.09609375
0 0.7203125 0.18046875 0.0328125 0.07265625