2 0.29464285714285715 0.11383928571428571 0.3950892857142857 0.07589285714285714
2 0.2767857142857143 0.033482142857142856 0.4017857142857143 0.06696428571428571
2 0.31026785714285715 0.1875 0.35714285714285715 0.044642857142857144
2 0.32142857142857145 0.25223214285714285 0.34598214285714285 0.05580357142857143
2 0.3482142857142857 0.31919642857142855 0.31026785714285715 0.049107142857142856
2 0.359375 0.36607142857142855 0.27455357142857145 0.04017857142857143
2 0.375 0.41294642857142855 0.25223214285714285 0.029017857142857144
2 0.38392857142857145 0.45089285714285715 0.24553571428571427 0.03571428571428571
2 0.3794642857142857 0.484375 0.25669642857142855 0.029017857142857144
2 0.3950892857142857 0.5200892857142857 0.265625 0.044642857142857144
2 0.6785714285714286 0.515625 0.23214285714285715 0.033482142857142856
2 0.6875 0.5491071428571429 0.21651785714285715 0.022321428571428572
2 0.703125 0.5848214285714286 0.24107142857142858 0.029017857142857144
2 0.7053571428571429 0.6160714285714286 0.25669642857142855 0.04017857142857143
2 0.71875 0.6674107142857143 0.27455357142857145 0.029017857142857144
2 0.7321428571428571 0.7142857142857143 0.3169642857142857 0.03794642857142857
2 0.7477678571428571 0.7723214285714286 0.3325892857142857 0.049107142857142856
2 0.7611607142857143 0.8415178571428571 0.359375 0.046875
2 0.7834821428571429 0.9330357142857143 0.41517857142857145 0.05580357142857143