0 0.07734375 0.5359375 0.1546875 0.928125
0 0.66171875 0.5421875 0.04765625 0.140625
0 0.37421875 0.54609375 0.03984375 0.0859375
0 0.9671875 0.55390625 0.01953125 0.0484375
0 0.303125 0.59140625 0.04765625 0.1625
0 0.221875 0.596875 0.0640625 0.28203125
0 0.92890625 0.6046875 0.11484375 0.275
0 0.4421875 0.6765625 0.08203125 0.34453125
0 0.59921875 0.690625 0.05 0.384375
0 0.13359375 0.709375 0.16484375 0.55859375
0 0.734375 0.72109375 0.078125 0.4390625
0 0.640625 0.7375 0.13359375 0.50390625
0 0.521875 0.740625 0.11875 0.50703125
0 0.371875 0.740625 0.09140625 0.4609375
0 0.86015625 0.74140625 0.23515625 0.49453125
0 0.265625 0.75 0.10859375 0.44609375