0 0.72734375 0.24921875 0.17890625 0.1421875
0 0.92734375 0.31953125 0.1453125 0.23828125
0 0.60234375 0.33671875 0.22265625 0.20703125
0 0.409375 0.34921875 0.215625 0.21796875
0 0.79296875 0.3765625 0.1890625 0.109375
0 0.0859375 0.40078125 0.15625 0.1796875
0 0.63046875 0.453125 0.23203125 0.16015625
0 0.45078125 0.45546875 0.153125 0.1421875
0 0.84453125 0.53828125 0.3078125 0.23203125
0 0.15625 0.675 0.26171875 0.65
0 0.2828125 0.74140625 0.33046875 0.5078125
0 0.6296875 0.75703125 0.3828125 0.48125
0 0.88203125 0.80859375 0.2359375 0.37421875