0 0.70546875 0.30625 0.0546875 0.11171875
0 0.21640625 0.33828125 0.1328125 0.2328125
0 0.6125 0.340625 0.04765625 0.10703125
0 0.36953125 0.37421875 0.075 0.2359375
0 0.503125 0.38125 0.05078125 0.175
0 0.8 0.38984375 0.07265625 0.23125
0 0.10390625 0.615625 0.1875 0.7484375
0 0.28203125 0.61953125 0.19140625 0.75859375
0 0.6609375 0.63984375 0.10390625 0.56875
0 0.8796875 0.64375 0.17109375 0.71171875
0 0.43984375 0.646875 0.1515625 0.6875
0 0.55625 0.64921875 0.13203125 0.69921875
0 0.72734375 0.67421875 0.17109375 0.6515625