0 0.56640625 0.421875 0.03828125 0.10859375
0 0.8640625 0.4875 0.03984375 0.15703125
0 0.2953125 0.4875 0.04375 0.21484375
0 0.3921875 0.48828125 0.04140625 0.17578125
0 0.19609375 0.4921875 0.02578125 0.18828125
0 0.69296875 0.49765625 0.0609375 0.19375
0 0.05546875 0.49765625 0.06640625 0.20625
0 0.16953125 0.4984375 0.04375 0.2453125
0 0.9484375 0.50859375 0.04296875 0.18359375
0 0.57890625 0.52421875 0.06015625 0.21640625
0 0.9140625 0.5296875 0.07265625 0.278125
0 0.5125 0.53046875 0.0640625 0.2265625
0 0.4203125 0.53125 0.04296875 0.225
0 0.2453125 0.53203125 0.09921875 0.28515625
0 0.4640625 0.5390625 0.07265625 0.2328125