0 0.45546875 0.3625 0.059375 0.0515625
0 0.54375 0.36484375 0.0375 0.08515625
0 0.25546875 0.3734375 0.034375 0.06328125
0 0.15 0.3859375 0.0421875 0.1421875
0 0.3484375 0.396875 0.03984375 0.1203125
0 0.40703125 0.39921875 0.03515625 0.08046875
0 0.57578125 0.40234375 0.0578125 0.1421875
0 0.5125 0.41328125 0.05390625 0.134375
0 0.2046875 0.4171875 0.046875 0.13203125
0 0.44375 0.43046875 0.05 0.0703125
0 0.7328125 0.4515625 0.0796875 0.24296875
0 0.31171875 0.45234375 0.0640625 0.17265625
0 0.3859375 0.45390625 0.0515625 0.12734375
0 0.6625 0.4578125 0.0828125 0.2375
0 0.83984375 0.4625 0.103125 0.27265625
0 0.61875 0.56640625 0.1046875 0.20078125
0 0.54609375 0.5734375 0.0703125 0.165625
0 0.48203125 0.57578125 0.07734375 0.1875
0 0.121875 0.5890625 0.1234375 0.45703125
0 0.85234375 0.6078125 0.05625 0.209375
0 0.9296875 0.62578125 0.1140625 0.1875
0 0.40546875 0.63984375 0.109375 0.31328125
0 0.7640625 0.6421875 0.1078125 0.2796875
0 0.2765625 0.67578125 0.1390625 0.4375