0 0.375 0.55234375 0.0203125 0.07421875
0 0.346875 0.5578125 0.03515625 0.07109375
0 0.35546875 0.5578125 0.0203125 0.06796875
0 0.3328125 0.5578125 0.02109375 0.06796875
0 0.2109375 0.55859375 0.02109375 0.07421875
0 0.17734375 0.559375 0.0203125 0.06875
0 0.36015625 0.559375 0.0375 0.078125
0 0.1484375 0.5609375 0.0234375 0.071875
0 0.1609375 0.5625 0.0484375 0.07421875
0 0.19296875 0.5625 0.05625 0.0765625
0 0.33359375 0.5625 0.059375 0.07734375
0 0.31484375 0.5640625 0.02890625 0.071875
0 0.265625 0.59296875 0.0390625 0.12109375