0 0.37890625 0.5453125 0.03125 0.09609375
0 0.115625 0.578125 0.0859375 0.2234375
0 0.21171875 0.5921875 0.03671875 0.12109375
0 0.67109375 0.6078125 0.04375 0.23984375
0 0.7140625 0.63046875 0.0546875 0.215625
0 0.4625 0.6578125 0.0703125 0.31796875
0 0.59140625 0.6609375 0.07109375 0.31484375
0 0.915625 0.66328125 0.0671875 0.27265625
0 0.80078125 0.6640625 0.065625 0.28046875
0 0.86328125 0.66640625 0.0703125 0.3015625
0 0.5125 0.66640625 0.04921875 0.3
0 0.940625 0.67578125 0.1 0.31328125
0 0.96796875 0.7 0.0609375 0.36015625
0 0.29140625 0.7171875 0.06484375 0.42890625
0 0.0890625 0.73515625 0.12734375 0.5203125
0 0.35859375 0.73515625 0.140625 0.50234375
0 0.175 0.73671875 0.1140625 0.490625