0 0.5046875 0.25390625 0.1296875 0.353125
0 0.74375 0.25703125 0.08515625 0.29375
0 0.64453125 0.36640625 0.10859375 0.25078125
0 0.38671875 0.43515625 0.1375 0.196875
0 0.05859375 0.44765625 0.10625 0.33359375
0 0.61328125 0.59921875 0.11328125 0.39296875
0 0.30859375 0.63125 0.1953125 0.3109375
0 0.73828125 0.70703125 0.11953125 0.34453125
0 0.83828125 0.84296875 0.1328125 0.3140625
0 0.4671875 0.84921875 0.146875 0.30078125
0 0.259375 0.8609375 0.20234375 0.278125
0 0.275 0.0921875 0.09375 0.18125
0 0.06328125 0.14296875 0.08671875 0.2328125
0 0.16484375 0.14375 0.09765625 0.1875
0 0.3609375 0.15546875 0.12734375 0.2453125