0 0.021875 0.3078125 0.04296875 0.18984375
0 0.83671875 0.31484375 0.08828125 0.22265625
0 0.75546875 0.35234375 0.08828125 0.2171875
0 0.409375 0.3921875 0.1078125 0.2453125
0 0.575 0.40625 0.05 0.1828125
0 0.153125 0.42265625 0.0953125 0.2328125
0 0.2265625 0.44765625 0.07578125 0.14765625
0 0.92421875 0.60859375 0.15078125 0.7828125
0 0.70234375 0.61484375 0.23515625 0.76015625
0 0.821875 0.625 0.15390625 0.7375
0 0.5078125 0.625 0.2265625 0.73984375
0 0.31171875 0.625 0.23671875 0.74765625
0 0.1328125 0.66484375 0.26171875 0.6671875
0 0.13828125 0.23125 0.096875 0.15