2 0.8058035714285714 0.9620535714285714 0.38839285714285715 0.06696428571428571
2 0.828125 0.8482142857142857 0.34375 0.07142857142857142
2 0.8214285714285714 0.7209821428571429 0.35714285714285715 0.07366071428571429
2 0.8415178571428571 0.6361607142857143 0.31473214285714285 0.060267857142857144
2 0.8236607142857143 0.5446428571428571 0.2767857142857143 0.044642857142857144
2 0.8013392857142857 0.484375 0.25669642857142855 0.03571428571428571
2 0.8080357142857143 0.42410714285714285 0.29017857142857145 0.029017857142857144
2 0.7834821428571429 0.37723214285714285 0.28125 0.03125
2 0.7700892857142857 0.328125 0.25669642857142855 0.017857142857142856
2 0.7678571428571429 0.2924107142857143 0.24107142857142858 0.022321428571428572
2 0.7611607142857143 0.25669642857142855 0.22767857142857142 0.015625