2 0.6049107142857143 0.9330357142857143 0.22767857142857142 0.13392857142857142
2 0.6071428571428571 0.8459821428571429 0.19642857142857142 0.10044642857142858
2 0.6205357142857143 0.7544642857142857 0.17633928571428573 0.06473214285714286
2 0.6183035714285714 0.6741071428571429 0.16294642857142858 0.029017857142857144
2 0.6116071428571429 0.6138392857142857 0.14285714285714285 0.05580357142857143
2 0.5892857142857143 0.5602678571428571 0.11830357142857142 0.033482142857142856
2 0.5736607142857143 0.515625 0.08035714285714286 0.022321428571428572
2 0.5758928571428571 0.4799107142857143 0.08258928571428571 0.022321428571428572
2 0.5669642857142857 0.4419642857142857 0.060267857142857144 0.022321428571428572
2 0.5580357142857143 0.40625 0.04241071428571429 0.024553571428571428
2 0.5580357142857143 0.38392857142857145 0.046875 0.029017857142857144
2 0.5535714285714286 0.35267857142857145 0.049107142857142856 0.015625