0 0.17109375 0.7625 0.20625 0.471875
0 0.85 0.67578125 0.17578125 0.4484375
0 0.72265625 0.70859375 0.1484375 0.39375
0 0.74765625 0.34296875 0.15625 0.32109375
0 0.36328125 0.26171875 0.12890625 0.3328125
0 0.22890625 0.22890625 0.171875 0.30703125
0 0.1390625 0.45546875 0.12734375 0.14765625
0 0.29453125 0.56015625 0.1484375 0.28046875
0 0.4140625 0.67421875 0.171875 0.41640625
0 0.57421875 0.7234375 0.17578125 0.434375
0 0.51796875 0.46171875 0.121875 0.1015625
0 0.6125 0.32578125 0.12890625 0.35625
0 0.48046875 0.2765625 0.15078125 0.33828125