0 0.2359375 0.6046875 0.13359375 0.57421875
0 0.74765625 0.60234375 0.16796875 0.54921875
0 0.6375 0.59453125 0.115625 0.50078125
0 0.5390625 0.4359375 0.1140625 0.2125
0 0.44375 0.46015625 0.1125 0.2515625
0 0.34375 0.48359375 0.1265625 0.37578125
0 0.775 0.6046875 0.2015625 0.57890625
0 0.634375 0.609375 0.10390625 0.525
0 0.54140625 0.42265625 0.115625 0.20546875
0 0.44765625 0.46640625 0.1140625 0.33671875
0 0.34609375 0.47265625 0.121875 0.31953125
0 0.2203125 0.60078125 0.14453125 0.6296875
0 0.51953125 0.7109375 0.2015625 0.3953125