0 0.853125 0.22890625 0.059375 0.15390625
0 0.8 0.23203125 0.046875 0.17734375
0 0.26640625 0.25 0.040625 0.12265625
0 0.3125 0.25078125 0.040625 0.15234375
0 0.69921875 0.25625 0.0421875 0.1
0 0.24765625 0.36484375 0.0625 0.18515625
0 0.21484375 0.37265625 0.0953125 0.18515625
0 0.19609375 0.38046875 0.053125 0.16484375
0 0.7484375 0.40703125 0.053125 0.19609375
0 0.7015625 0.41015625 0.0484375 0.17109375
0 0.08046875 0.49765625 0.053125 0.17265625
0 0.04140625 0.50546875 0.0515625 0.17109375
0 0.3921875 0.521875 0.0578125 0.06015625
0 0.16875 0.52890625 0.0609375 0.21015625
0 0.2484375 0.534375 0.05625 0.17890625
0 0.8421875 0.578125 0.0703125 0.22109375
0 0.5921875 0.58359375 0.121875 0.16640625
0 0.89609375 0.5875 0.05625 0.21640625
0 0.503125 0.60859375 0.0609375 0.17734375
0 0.80859375 0.775 0.08125 0.28359375
0 0.75 0.778125 0.05625 0.2625
0 0.925 0.78984375 0.0875 0.26875
0 0.46171875 0.81796875 0.0765625 0.26875
0 0.19609375 0.090625 0.0375 0.10234375
0 0.275 0.11875 0.034375 0.06640625
0 0.63125 0.14375 0.0328125 0.10234375
0 0.23203125 0.1875 0.0265625 0.10859375