0 0.6625 0.24296875 0.0203125 0.14765625
0 0.6890625 0.24296875 0.0421875 0.13515625
0 0.203125 0.28359375 0.0421875 0.15390625
0 0.2921875 0.309375 0.0484375 0.16015625
0 0.340625 0.31875 0.0390625 0.16640625
0 0.25703125 0.3375 0.05 0.18359375
0 0.64921875 0.44296875 0.078125 0.21484375
0 0.5890625 0.44921875 0.0515625 0.20625
0 0.409375 0.53125 0.0359375 0.05390625
0 0.3765625 0.06171875 0.0234375 0.07265625
0 0.51328125 0.60625 0.08125 0.19609375
0 0.8015625 0.61171875 0.0515625 0.24375
0 0.86953125 0.6375 0.0546875 0.25390625
0 0.3609375 0.06796875 0.0234375 0.06484375
0 0.16484375 0.67109375 0.059375 0.12890625
0 0.753125 0.68828125 0.0796875 0.26015625
0 0.64609375 0.715625 0.059375 0.29375
0 0.20703125 0.81875 0.065625 0.2625
0 0.17109375 0.84921875 0.071875 0.28515625
0 0.30546875 0.096875 0.01875 0.05234375
0 0.2609375 0.10625 0.0484375 0.125
0 0.3265625 0.14140625 0.0234375 0.10390625
0 0.66796875 0.14140625 0.04375 0.1
0 0.2015625 0.15703125 0.0453125 0.10625
0 0.715625 0.1625 0.0546875 0.10390625
0 0.290625 0.18125 0.0359375 0.10859375
0 0.2265625 0.18203125 0.0328125 0.08515625
0 0.61015625 0.20078125 0.046875 0.13515625
0 0.646875 0.20078125 0.0359375 0.12734375