0 0.2609375 0.265625 0.0453125 0.08515625
0 0.70859375 0.27421875 0.040625 0.15
0 0.6203125 0.28125 0.0546875 0.13359375
0 0.7984375 0.29140625 0.046875 0.15
0 0.259375 0.32265625 0.0484375 0.1
0 0.36875 0.34765625 0.05 0.16875
0 0.30234375 0.37734375 0.0515625 0.18125
0 0.18828125 0.378125 0.0515625 0.11640625
0 0.27734375 0.45546875 0.0625 0.18515625
0 0.24375 0.51015625 0.0609375 0.20390625
0 0.178125 0.51015625 0.0703125 0.18984375
0 0.3875 0.52421875 0.0359375 0.07265625
0 0.40859375 0.53125 0.028125 0.05859375
0 0.5046875 0.60703125 0.065625 0.17734375
0 0.215625 0.78984375 0.0671875 0.225
0 0.19140625 0.84765625 0.090625 0.30390625
0 0.19453125 0.10703125 0.03125 0.09765625
0 0.27890625 0.11953125 0.015625 0.04375
0 0.34765625 0.12421875 0.021875 0.06875
0 0.66953125 0.15078125 0.0296875 0.09765625
0 0.31328125 0.153125 0.028125 0.11484375
0 0.73828125 0.16015625 0.0390625 0.08125
0 0.25859375 0.20078125 0.0359375 0.10859375