0 0.31171875 0.21796875 0.0421875 0.12734375
0 0.36640625 0.27265625 0.0640625 0.2125
0 0.278125 0.284375 0.0421875 0.15859375
0 0.678125 0.28828125 0.04375 0.13984375
0 0.7234375 0.36796875 0.059375 0.17734375
0 0.7984375 0.409375 0.0515625 0.18984375
0 0.84921875 0.42421875 0.053125 0.17890625
0 0.39296875 0.51875 0.01875 0.07890625
0 0.4046875 0.53515625 0.0390625 0.05859375
0 0.0828125 0.54453125 0.053125 0.19765625
0 0.13046875 0.54453125 0.05625 0.2
0 0.50390625 0.609375 0.065625 0.18515625
0 0.0359375 0.8 0.071875 0.28984375
0 0.21328125 0.81796875 0.059375 0.23515625
0 0.23046875 0.08359375 0.025 0.08359375
0 0.19453125 0.85 0.0921875 0.3
0 0.20546875 0.08671875 0.025 0.08515625
0 0.67265625 0.15234375 0.0296875 0.09609375
0 0.23203125 0.16953125 0.034375 0.07265625
0 0.71953125 0.17265625 0.065625 0.1
0 0.2046875 0.19609375 0.0296875 0.10625