0 0.41640625 0.32734375 0.0453125 0.15390625
0 0.240625 0.34140625 0.0421875 0.18359375
0 0.20234375 0.36796875 0.053125 0.16875
0 0.28984375 0.37578125 0.046875 0.18125
0 0.18046875 0.50234375 0.053125 0.19140625
0 0.24140625 0.50703125 0.06875 0.20625
0 0.41015625 0.52890625 0.025 0.04609375
0 0.76328125 0.534375 0.0765625 0.21015625
0 0.50390625 0.60859375 0.065625 0.17734375
0 0.03515625 0.63359375 0.0640625 0.21640625
0 0.08828125 0.646875 0.06875 0.22890625
0 0.215625 0.81171875 0.0671875 0.27734375
0 0.190625 0.85 0.09375 0.29375
0 0.66953125 0.12890625 0.034375 0.075
0 0.209375 0.1875 0.0375 0.1625
0 0.66953125 0.203125 0.0359375 0.11875
0 0.7453125 0.20703125 0.034375 0.11640625