0 0.73359375 0.21796875 0.0328125 0.1
0 0.7828125 0.24921875 0.0375 0.13359375
0 0.33359375 0.265625 0.0484375 0.15234375
0 0.28671875 0.27421875 0.0453125 0.13515625
0 0.7203125 0.28671875 0.0421875 0.09375
0 0.2546875 0.34296875 0.065625 0.17109375
0 0.1921875 0.35546875 0.053125 0.16484375
0 0.23125 0.45390625 0.0515625 0.19609375
0 0.74609375 0.459375 0.05625 0.20859375
0 0.25 0.46640625 0.096875 0.22109375
0 0.69921875 0.46953125 0.0515625 0.18515625
0 0.28359375 0.47734375 0.0484375 0.1875
0 0.88828125 0.49453125 0.05625 0.16015625
0 0.8328125 0.49453125 0.0609375 0.175
0 0.1390625 0.53046875 0.0734375 0.23984375
0 0.59375 0.56484375 0.11875 0.17265625
0 0.50390625 0.60859375 0.0609375 0.17890625
0 0.72734375 0.65546875 0.059375 0.13125
0 0.8734375 0.66171875 0.06875 0.25625
0 0.8203125 0.675 0.0609375 0.2375
0 0.02734375 0.68046875 0.0546875 0.25625
0 0.4609375 0.73046875 0.05625 0.12109375
0 0.91640625 0.771875 0.0828125 0.27109375
0 0.4625 0.86875 0.075 0.26015625
0 0.19921875 0.09296875 0.0234375 0.06875
0 0.31953125 0.92265625 0.078125 0.15390625
0 0.59453125 0.11796875 0.021875 0.07265625
0 0.615625 0.12265625 0.0171875 0.09140625
0 0.596875 0.19609375 0.0328125 0.11640625