0 0.28046875 0.22421875 0.040625 0.13984375
0 0.2453125 0.23125 0.0390625 0.125
0 0.6421875 0.32890625 0.0515625 0.17109375
0 0.1625 0.33203125 0.0359375 0.05234375
0 0.59765625 0.33984375 0.0453125 0.15859375
0 0.13515625 0.41328125 0.053125 0.17109375
0 0.15703125 0.43671875 0.08125 0.20625
0 0.234375 0.44453125 0.0640625 0.19765625
0 0.18046875 0.45 0.05 0.18125
0 0.72421875 0.465625 0.0515625 0.10390625
0 0.3859375 0.521875 0.0546875 0.06015625
0 0.59296875 0.571875 0.1234375 0.17734375
0 0.5015625 0.60390625 0.0609375 0.17109375
0 0.03984375 0.67421875 0.078125 0.25859375
0 0.1390625 0.67421875 0.0671875 0.22265625
0 0.803125 0.76015625 0.0703125 0.2375
0 0.73203125 0.76484375 0.08125 0.26640625
0 0.91796875 0.78828125 0.0828125 0.275
0 0.4703125 0.81484375 0.0734375 0.27890625
0 0.80546875 0.93203125 0.1078125 0.13515625
0 0.67109375 0.93203125 0.0953125 0.13515625
0 0.21796875 0.10078125 0.040625 0.10234375
0 0.27578125 0.11953125 0.03125 0.06875
0 0.69609375 0.146875 0.03125 0.11875
0 0.71953125 0.15234375 0.034375 0.10390625
0 0.19765625 0.15234375 0.021875 0.09609375
0 0.31015625 0.159375 0.028125 0.09140625
0 0.68515625 0.19609375 0.03125 0.12109375