2 0.484375 0.9553571428571429 0.5357142857142857 0.08035714285714286
2 0.49776785714285715 0.8370535714285714 0.48660714285714285 0.0625
2 0.49776785714285715 0.7299107142857143 0.390625 0.07142857142857142
2 0.4888392857142857 0.6450892857142857 0.3013392857142857 0.046875
2 0.49330357142857145 0.578125 0.2767857142857143 0.05357142857142857
2 0.5044642857142857 0.515625 0.24776785714285715 0.033482142857142856
2 0.5066964285714286 0.46205357142857145 0.21651785714285715 0.033482142857142856
2 0.5066964285714286 0.421875 0.18080357142857142 0.029017857142857144
2 0.5133928571428571 0.3861607142857143 0.17410714285714285 0.022321428571428572
2 0.5245535714285714 0.359375 0.20089285714285715 0.029017857142857144
2 0.5267857142857143 0.328125 0.15401785714285715 0.022321428571428572
2 0.5178571428571429 0.2857142857142857 0.14508928571428573 0.017857142857142856
2 0.5223214285714286 0.2611607142857143 0.17633928571428573 0.013392857142857142