2 0.49776785714285715 0.9174107142857143 0.9397321428571429 0.09598214285714286
2 0.43973214285714285 0.7611607142857143 0.8236607142857143 0.10491071428571429
2 0.4799107142857143 0.6383928571428571 0.8995535714285714 0.08928571428571429
2 0.4888392857142857 0.5200892857142857 0.8482142857142857 0.12053571428571429
2 0.5066964285714286 0.40625 0.8191964285714286 0.07366071428571429
2 0.5089285714285714 0.3325892857142857 0.8928571428571429 0.044642857142857144
2 0.49107142857142855 0.27901785714285715 0.9084821428571429 0.03794642857142857
2 0.49107142857142855 0.22767857142857142 0.90625 0.04017857142857143
2 0.48660714285714285 0.171875 0.8616071428571429 0.05357142857142857
2 0.5022321428571429 0.11607142857142858 0.8415178571428571 0.029017857142857144
2 0.5580357142857143 0.07589285714285714 0.75 0.024553571428571428
2 0.5178571428571429 0.024553571428571428 0.7053571428571429 0.022321428571428572