2 0.5066964285714286 0.7455357142857143 0.6741071428571429 0.002232142857142857
2 0.4888392857142857 0.6763392857142857 0.6517857142857143 0.017857142857142856
2 0.5111607142857143 0.7142857142857143 0.6897321428571429 0.017857142857142856
2 0.49107142857142855 0.6450892857142857 0.6026785714285714 0.008928571428571428
2 0.4575892857142857 0.6116071428571429 0.5446428571428571 0.015625
2 0.5245535714285714 0.5870535714285714 0.43973214285714285 0.017857142857142856
2 0.515625 0.5647321428571429 0.390625 0.004464285714285714
2 0.546875 0.5379464285714286 0.38392857142857145 0.013392857142857142
2 0.5089285714285714 0.5133928571428571 0.40625 0.008928571428571428
2 0.5133928571428571 0.4955357142857143 0.4263392857142857 0.002232142857142857
2 0.4888392857142857 0.47098214285714285 0.4107142857142857 0.011160714285714286
2 0.49330357142857145 0.45089285714285715 0.40401785714285715 0.008928571428571428